2.000000000000000111e-01
1.428571428571428492e-01
3.750000000000000000e-01
3.809523809523809312e-01
3.333333333333333148e-01
3.913043478260869734e-01
2.272727272727272652e-01
3.684210526315789269e-01
3.846153846153846367e-01
3.333333333333333148e-01
3.809523809523809312e-01
6.428571428571429047e-01
4.117647058823529216e-01
4.444444444444444198e-01
7.058823529411765163e-01
5.416666666666666297e-01
6.333333333333333037e-01
5.714285714285713969e-01
4.782608695652174058e-01
5.882352941176470784e-01
6.785714285714286031e-01
4.782608695652174058e-01
5.000000000000000000e-01
7.391304347826086474e-01
5.555555555555555802e-01
4.799999999999999822e-01
6.250000000000000000e-01
7.916666666666666297e-01
7.619047619047618625e-01
6.190476190476190688e-01
8.461538461538461453e-01
4.166666666666666852e-01
5.833333333333333703e-01
7.272727272727272929e-01
4.347826086956521618e-01
7.037037037037037202e-01
5.882352941176470784e-01
5.000000000000000000e-01
5.714285714285713969e-01
8.888888888888888395e-01
5.000000000000000000e-01
5.200000000000000178e-01
6.470588235294117974e-01
5.263157894736841813e-01
6.428571428571429047e-01
4.500000000000000111e-01
5.789473684210526550e-01
6.666666666666666297e-01
5.714285714285713969e-01
5.555555555555555802e-01
5.454545454545454142e-01
5.555555555555555802e-01
4.444444444444444198e-01
7.500000000000000000e-01
8.750000000000000000e-01
6.086956521739130821e-01
5.000000000000000000e-01
5.200000000000000178e-01
5.000000000000000000e-01
5.999999999999999778e-01
8.888888888888888395e-01
8.000000000000000444e-01
6.363636363636363535e-01
5.909090909090909394e-01
9.047619047619047672e-01
6.666666666666666297e-01
7.777777777777777901e-01
9.473684210526315264e-01
6.999999999999999556e-01
8.333333333333333703e-01
6.666666666666666297e-01
9.499999999999999556e-01
7.647058823529411242e-01
7.058823529411765163e-01
4.705882352941176405e-01
6.956521739130434590e-01
5.999999999999999778e-01
7.037037037037037202e-01
6.666666666666666297e-01
7.368421052631578538e-01
6.666666666666666297e-01
6.666666666666666297e-01
6.842105263157894912e-01
6.666666666666666297e-01
5.416666666666666297e-01
6.500000000000000222e-01
7.037037037037037202e-01
7.037037037037037202e-01
7.692307692307692735e-01
6.086956521739130821e-01
8.000000000000000444e-01
7.333333333333332815e-01
8.125000000000000000e-01
5.714285714285713969e-01
5.999999999999999778e-01
7.692307692307692735e-01
6.363636363636363535e-01
7.391304347826086474e-01
7.083333333333333703e-01
6.111111111111111605e-01
