8.000000000000000167e-02
1.499999999999999944e-01
2.500000000000000000e-01
1.600000000000000033e-01
1.052631578947368363e-01
1.052631578947368363e-01
6.999999999999999556e-01
1.304347826086956486e-01
6.666666666666666297e-01
3.478260869565217295e-01
5.714285714285713969e-01
3.333333333333333148e-01
3.333333333333333148e-01
5.833333333333333703e-01
5.999999999999999778e-01
5.789473684210526550e-01
5.882352941176470784e-01
5.238095238095238360e-01
5.714285714285713969e-01
2.999999999999999889e-01
5.000000000000000000e-01
5.500000000000000444e-01
6.400000000000000133e-01
4.074074074074073848e-01
4.117647058823529216e-01
5.000000000000000000e-01
7.307692307692307265e-01
7.692307692307692735e-01
4.583333333333333148e-01
6.999999999999999556e-01
8.461538461538461453e-01
8.750000000000000000e-01
6.129032258064516236e-01
6.190476190476190688e-01
6.250000000000000000e-01
6.190476190476190688e-01
4.761904761904761640e-01
7.058823529411765163e-01
7.037037037037037202e-01
6.666666666666666297e-01
6.363636363636363535e-01
4.210526315789473450e-01
4.799999999999999822e-01
5.789473684210526550e-01
6.086956521739130821e-01
6.999999999999999556e-01
4.117647058823529216e-01
5.263157894736841813e-01
6.551724137931034253e-01
5.294117647058823595e-01
8.461538461538461453e-01
7.368421052631578538e-01
7.058823529411765163e-01
8.235294117647058432e-01
6.153846153846154188e-01
6.666666666666666297e-01
6.190476190476190688e-01
5.500000000000000444e-01
5.769230769230768718e-01
6.818181818181817677e-01
5.999999999999999778e-01
7.500000000000000000e-01
5.000000000000000000e-01
7.500000000000000000e-01
2.857142857142856984e-01
6.666666666666666297e-01
5.555555555555555802e-01
5.555555555555555802e-01
6.666666666666666297e-01
4.705882352941176405e-01
6.800000000000000488e-01
6.500000000000000222e-01
7.333333333333332815e-01
7.222222222222222099e-01
5.000000000000000000e-01
7.083333333333333703e-01
4.285714285714285476e-01
7.647058823529411242e-01
9.000000000000000222e-01
8.125000000000000000e-01
7.894736842105263275e-01
7.142857142857143016e-01
6.999999999999999556e-01
5.294117647058823595e-01
7.500000000000000000e-01
5.555555555555555802e-01
5.217391304347825942e-01
8.235294117647058432e-01
7.058823529411765163e-01
6.923076923076922906e-01
5.769230769230768718e-01
7.619047619047618625e-01
6.470588235294117974e-01
7.894736842105263275e-01
6.666666666666666297e-01
8.636363636363636465e-01
7.391304347826086474e-01
5.454545454545454142e-01
7.083333333333333703e-01
8.235294117647058432e-01
