1.428571428571428492e-01
6.800000000000000488e-01
5.294117647058823595e-01
2.592592592592592449e-01
6.250000000000000000e-01
4.400000000000000022e-01
3.043478260869565410e-01
6.842105263157894912e-01
6.250000000000000000e-01
5.000000000000000000e-01
4.375000000000000000e-01
2.999999999999999889e-01
5.000000000000000000e-01
4.545454545454545303e-01
5.200000000000000178e-01
6.315789473684210176e-01
5.625000000000000000e-01
6.470588235294117974e-01
5.238095238095238360e-01
6.153846153846154188e-01
5.909090909090909394e-01
4.761904761904761640e-01
6.538461538461538547e-01
7.142857142857143016e-01
5.833333333333333703e-01
7.647058823529411242e-01
7.407407407407406996e-01
4.074074074074073848e-01
5.999999999999999778e-01
7.500000000000000000e-01
4.500000000000000111e-01
5.500000000000000444e-01
6.470588235294117974e-01
5.999999999999999778e-01
8.333333333333333703e-01
5.238095238095238360e-01
7.199999999999999734e-01
7.272727272727272929e-01
7.272727272727272929e-01
6.363636363636363535e-01
6.875000000000000000e-01
6.666666666666666297e-01
3.125000000000000000e-01
7.058823529411765163e-01
3.499999999999999778e-01
6.666666666666666297e-01
5.600000000000000533e-01
5.909090909090909394e-01
5.263157894736841813e-01
6.250000000000000000e-01
5.714285714285713969e-01
5.555555555555555802e-01
7.586206896551723755e-01
4.210526315789473450e-01
5.714285714285713969e-01
6.111111111111111605e-01
6.190476190476190688e-01
6.666666666666666297e-01
7.368421052631578538e-01
4.782608695652174058e-01
6.086956521739130821e-01
5.714285714285713969e-01
6.428571428571429047e-01
3.750000000000000000e-01
7.222222222222222099e-01
7.222222222222222099e-01
4.705882352941176405e-01
7.058823529411765163e-01
5.263157894736841813e-01
5.555555555555555802e-01
5.384615384615384359e-01
6.818181818181817677e-01
4.705882352941176405e-01
7.142857142857143016e-01
3.125000000000000000e-01
5.714285714285713969e-01
6.428571428571429047e-01
6.521739130434782705e-01
5.999999999999999778e-01
5.000000000000000000e-01
6.818181818181817677e-01
5.294117647058823595e-01
3.750000000000000000e-01
6.818181818181817677e-01
6.428571428571429047e-01
4.285714285714285476e-01
3.750000000000000000e-01
6.470588235294117974e-01
4.583333333333333148e-01
5.500000000000000444e-01
7.391304347826086474e-01
6.315789473684210176e-01
5.714285714285713969e-01
5.000000000000000000e-01
4.799999999999999822e-01
5.999999999999999778e-01
4.666666666666666741e-01
6.153846153846154188e-01
5.789473684210526550e-01
5.000000000000000000e-01
